t1.samsung.bforward2.uk:443|2026-02-21T15:10:57.454991
103.173.255.21:443|2026-02-21T15:10:57.454991
content-provider12.cdn-delivery.akamaicd.com:443|2026-02-21T15:10:57.454991
