content-provider12.cdn-delivery.akamaicd.com:443|2026-02-21T17:32:26.535994
t1.samsung.bforward2.uk:443|2026-02-21T17:32:26.535994
103.173.255.21:443|2026-02-21T17:32:26.535994
content-provider12.cdn-delivery.akamaicd.com:443|2026-02-21T17:32:26.535994
103.173.255.21:443|2026-02-21T17:32:26.535994
t1.samsung.bforward2.uk:443|2026-02-21T17:32:26.535994
